08593
07281
04954
01336
04199
00822
00970
03327
08689
02839
04674
07961
04791
07981
01757
01240
01355
05401
08895
06516
02031
01810
07629
00698
09000
04933
05924
00591
02922
06546
00180
00408
04145
07780
01408
08517
04108
07401
02939
08169
06336
02244
07104
01171
07056
00571
05993
01378
06334
00104
05686
03728
01750
02021
08666
03436
08760
03354
02954
05398
00889
05606
02051
02761
06940
05182
01028
04691
02843
02724
07060
00743
02885
07237
01438
05191
01033
05110
01638
07074
05446
08973
01284
03773
07558
04464
00013
08382
07719
00742
01771
08546
07288
01970
04447
00410
03813
08234
07179
05807
08585
02000
01048
04156
03764
06291
06471
06420
00518
04630
02213
06347
01165
06703
04602
04401
06739
01921
00764
07502
01358
07351
01403
01920
08685
02307
08453
04178
04228
00637
00655
05294
01218
04648
07230
04796
00664
02748
00117
06652
02106
03325
01471
04862
03401
00414
01062
00546
01604
00643
03378
06586
06119
02719
04313
00460
00751
03355
05687
06770
02100
03212
05289
03446
01899
08256
08107
05824
00145
08751
02911
05200
08596
04293
06056
05749
02470
03563
07856
02751
05164
05469
06166
03686
06747
01739
06615
02167
05225
07490
04712
05136
03366
02420
03420
04256
01799
03328
08552
01522
06572
06098
02122
06494
03218
08584
04208
01944
02644
01275
04708
01801
04901
06262
05015
05366
04872
05413
04207
04286
08804
05753
06206
01302
08513
06247
01488
00372
06625
01435
02196
03096
07467
08740
07064
08462
01361
01309
07841
02864
00789
03931
07251
04963
07397
07889
08358
05333
07692
06783
04185
03680
06432
06966
06395
05863
01981
05131
08716
08541
08788
07402
05883
01186
05043
07481
08830
04339
00999
07960
02593
08492
02837
08184
06406
05764
06051
06265
07678
04465
08063
07655
04325
00977
00384
04169
04523
02561
07983
01596
08961
03871
05087
07887
05726
01766
03039
01547
01064
08215
06248
02542
02766
07754
07452
07404
00794
00898
06392
04421
06661
03295
05118
08411
01518
06892
02800
03237
04663
04556
05919
06654
05559
06555
05984
04274
08264
00006
05257
06261
08569
02645
00166
05941
04968
04477
03712
00649
00458
05612
06582
07245
08620
04715
00346
07240
03718
07503
02723
01392
08727
02118
08497
08216
01459
08174
03310
05318
05369
02335
02471
04890
03441
08978
02207
02625
07355
05759
08938
00300
00686
05888
08244
05142
01253
08046
01857
05416
01758
02694
04575
05238
05312
07337
08874
02774
01575
04472
01803
04717
05743
01974
01565
05176
06721
02777
00524
05242
01258
07254
01076
03501
07373
07763
08931
04406
08812
05203
00361
01809
01516
03981
00130
00967
05792
00570
04854
03879
03770
07522
08802
03556
06910
07425
05909
06411
06018
03330
03719
06722
05521
03955
07979
01225
00378
07638
08732
03778
00722
08198
01887
08856
07910
07872
06653
02324
00259
00171
05867
00213
06152
05411
00872
03332
03494
04494
07897
04272
07921
07835
03226
05453
06658
01279
07077
07735
05213
08877
07794
06276
07253
08775
06724
07342
05388
05264
02382
00155
07211
04230
03261
02339
07658
06861
08983
08367
01744
06544
02413
02968
02217
03076
01992
07579
00975
06678
05035
06274
05927
00239
00886
07895
03883
06884
03831
06215
05342
03749
08693
00058
06931
04886
04354
07588
06054
04220
05005
00947
06330
04959
03338
00048
05072
05303
00283
04338
00774
00891
02194
07858
01109
03054
07131
01161
04521
06694
00296
07859
06217
00785
00934
02798
00175
07302
07972
08050
06462
06760
01136
08206
01294
01520
08170
02228
04515
03687
05117
05140
04632
03207
00499
03970
02768
06400
07146
06170
03403
05462
02886
02463
05382
07065
02739
03117
08633
00207
05732
00245
02336
02115
07168
07505
07012
03228
01123
08755
03293
06630
08847
01607
01619
07660
07568
07419
01811
01900
00638
08482
07118
02533
02214
03463
01618
01793
06789
02074
01110
05719
05540
01710
08702
06934
00650
08878
04430
01660
05860
06959
03669
08854
05814
05708
08397
01954
01281
05973
01552
06668
08483
05237
08271
06320
01290
01189
05060
08277
04082
00113
07347
00784
04866
08850
02799
01399
06049
02464
00690
04557
02516
00833
02334
07160
03776
03875
03515
01614
01906
07654
02104
01007
08714
02943
01034
04463
02060
02909
06226
06459
08683
05363
06374
01704
03698
06224
06369
03211
01009
03824
07461
01841
00256
03976
03983
06979
07679
05651
05235
01178
05190
05089
07866
03460
08131
00101
03829
00962
05573
04453
01806
02826
00505
00424
05209
08686
03520
07309
05021
08707
00038
08070
03929
08869
08186
02878
05351
05754
07133
03650
08407
00646
04700
04692
00662
00802
05295
02131
07803
00678
01175
02322
04568
01433
02474
03896
04795
07474
02032
02247
01615
01923
02963
02934
04431
06857
05563
06258
06322
08002
02787
03895
01853
08331
05075
08781
07508
01025
05601
06803
07894
03220
02125
07395
05317
03003
04694
04378
04777
05534
00839
06260
02734
05876
08337
06120
01808
06442
05724
01446
01972
04985
06277
06633
03975
00876
07760
00807
06083
03051
01664
03497
00200
07798
06307
02305
04657
08470
02892
02451
08703
08100
06894
02581
01789
00224
01428
00492
02809
08279
07993
00254
02172
05058
02785
07275
07229
03730
03371
02515
02601
01856
03531
07070
06605
01418
08322
07459
03844
03898
02662
03862
06638
00011
02344
08461
08623
08536
01202
03960
02501
02524
02605
05085
02858
07209
00497
08042
07116
00916
08317
01071
02822
05879
08177
00668
08586
04530
06606
00303
02321
02211
01592
00379
00521
08827
00580
02836
02271
08757
02857
02076
08328
03654
07453
08563
02263
06617
06697
00484
07916
04137
04578
01726
03608
05558
03584
01085
07385
07747
04889
03233
00070
08334
04069
08635
02479
02040
04400
06232
00226
08278
01174
08643
04513
05222
01658
02268
02403
08894
08506
02750
03734
00064
04326
05385
05198
01196
06829
05396
07434
06844
00315
05334
07432
05505
07644
01877
01441
03893
02084
02976
07041
02090
06070
01320
05094
07635
02691
08884
04236
00808
07799
07976
01395
05650
01797
01869
05525
03692
02373
05345
01562
04191
03391
06644
05990
03954
04158
03943
05049
04491
05607
06233
08213
07811
03517
01705
06876
05249
06466
05669
06403
07893
07050
00702
02075
07671
06104
02375
07228
05529
06559
00568
04876
06752
00553
00308
08628
02961
08566
02256
04397
03753
02177
06846
03244
07154
08221
07426
02781
07272
04019
07532
06701
00007
05971
03641
03341
01560
05152
04634
06799
00683
04422
00109
01635
04763
05001
03606
00490
04204
02527
05653
01035
07255
00289
01137
04705
07557
03190
04531
00584
06541
07181
06977
07554
08310
06156
01688
00732
03722
06106
08718
01636
08954
08568
02380
03881
03305
05593
02701
06303
02355
02650
06634
01120
01156
07824
07371
07917
08498
07649
02744
05457
04749
00358
07715
02529
04213
05520
05403
08344
08963
01625
00600
04925
04731
04773
07585
08137
00972
03421
01696
08887
06904
03074
06282
06761
07940
04580
06417
05156
07231
04535
06079
03397
03810
02698
07686
05769
08283
05887
06796
04361
00756
03936
08785
08474
01886
00233
03653
01591
05498
03612
03046
05165
00156
06745
03853
02554
05255
04759
07375
04792
08682
02681
05281
00186
03024
08889
00250
01984
03902
00448
04077
04283
02893
06100
00745
08099
02205
05127
03506
04902
04507
02806
03457
03912
05070
07733
06319
07927
06659
07185
02951
07898
06958
06496
06612
04966
02590
05099
00796
01499
05268
02130
02823
07145
05502
07681
03108
08223
05839
01890
00953
01574
06756
02964
08405
07986
04448
01858
03390
06971
07083
07171
05729
05962
07172
07809
06952
08442
06191
08218
07286
00713
03962
05890
02575
06449
00228
04221
00076
05609
02832
01620
00375
06707
04789
04299
02676
03720
02795
07879
08031
04253
07520
04572
02026
08746
06000
08645
07054
03070
01348
07990
05846
03139
04698
05474
08473
01775
06902
00515
08577
06835
06807
08582
04941
04321
05871
07569
02876
02845
01082
02567
00583
08609
04254
07473
04843
01747
08764
00840
04255
06296
03151
05536
08741
08441
02591
07683
07170
04816
01630
05811
06763
05512
04512
04263
01328
06626
04686
04948
02041
03431
04243
03956
01153
04600
01151
08332
08613
08925
05750
04149
01576
04180
04739
02932
06144
03239
06346
05688
06867
04893
04315
06227
08308
06754
04926
00920
03784
04514
04090
08793
03796
02056
00165
00666
07175
04046
02929
06773
02867
08010
07236
02972
00912
00630
03158
03434
04577
04571
04753
05314
05202
00373
01529
02718
00919
05379
04060
03216
08185
01393
03156
00412
02674
07667
08777
08888
02435
04219
03636
02266
07646
07187
01182
08057
04662
07456
03066
05797
05735
03243
06253
06483
04780
06075
00493
03601
00447
07743
08919
02146
05881
04975
08419
05674
05463
00862
01951
07533
01018
04989
06981
07076
04268
01409
06340
08036
00611
00727
02956
04772
00734
00945
02848
07310
08362
02460
08984
01434
06481
00427
00528
00842
04445
00018
02274
00758
06366
04173
07956
08398
05856
05921
05723
03249
04696
06691
08301
07828
01889
00356
03002
02773
05608
06489
08225
06361
00798
00367
04755
04360
07364
02726
01548
06301
05332
05762
00037
07203
06012
04416
04823
00169
08866
04072
03280
07357
02352
08240
01839
05310
01478
00275
04611
06767
08065
01463
00086
01339
01539
01382
00107
04237
05677
08767
04167
07792
00767
02941
04099
03689
00507
03380
06819
01092
03357
01643
03060
02648
03061
06039
03058
03275
00189
01319
02786
00281
06256
08634
04083
03672
08531
08416
02152
07069
08530
02201
01763
04707
01173
03840
06567
08816
00127
05105
01791
02612
07541
04633
05668
08892
03717
05277
08641
00819
05476
08737
03741
06038
07082
08590
00257
02957
05404
08927
01250
06532
07191
02579
02965
08435
00453
03467
04503
08459
01367
02672
03448
08341
00150
00123
02311
03858
01535
02534
04029
05539
01162
01257
00112
01831
04116
02285
02225
04459
05407
03804
03217
00040
05420
05926
02472
02284
02119
08443
04329
06348
05615
01834
07176
01760
08048
00883
00735
06587
08864
01542
07546
01266
00476
05827
07581
05851
02730
05901
04622
05859
07294
00670
03876
03984
06716
00099
08553
07263
07393
00836
01689
03538
05266
01608
02649
03318
01702
00682
00716
06380
02506
01988
03263
01068
04832
08144
07298
07529
06869
05460
01738
02144
00705
07447
08651
03537
00539
01487
00331
02340
03659
00620
00534
02443
08606
08129
08836
05760
01510
02233
04642
05892
04009
08807
04073
08917
02483
02389
01896
07944
08679
00617
08404
02597
03194
04291
02415
06822
07248
07538
02925
05694
01494
00177
07147
08776
05727
06936
08376
01624
05458
07628
08257
08350
01958
08810
04282
07702
04224
03017
08238
02659
01321
05175
04603
02120
06591
06570
08921
02887
06865
01366
04495
06731
02679
05831
00179
07946
00978
05406
00135
07745
07978
04348
00572
00168
06935
08110
03454
03952
03551
06151
04287
00402
01008
08669
05904
00514
01698
05594
05336
08209
04330
07741
05560
02057
05306
05705
05631
00494
03716
03384
01936
03833
03755
01540
07896
05061
03510
03043
03564
01105
02587
06154
08193
01273
03386
02385
01212
08276
02387
03761
05518
02165
06213
03647
03127
05977
07941
05659
03850
06500
00398
07232
07599
08824
00587
02573
06138
02503
02371
07928
04874
02219
03709
07324
01400
05326
08196
02269
06719
02578
00116
08518
00261
07260
06069
01909
01056
01414
03874
00334
00387
00663
02514
03059
04030
08226
08345
03081
01648
04461
02462
02617
02328
05024
08138
08295
00598
06595
03887
03023
00956
06124
08330
06107
03783
04489
06379
00952
03888
05806
03688
08673
05020
01817
01550
03164
08543
00371
06870
07099
03504
00736
02252
00707
02240
05836
06577
02669
01102
04214
07837
01720
08233
00760
00588
02404
06788
04265
03465
06593
04365
01172
03423
04297
01675
05894
07420
08321
06624
04018
03694
00783
01837
06052
00848
01335
01195
04618
02445
02318
02419
06249
04840
07648
02446
00439
03488
05092
04516
04105
07761
03634
01891
07610
07967
03196
07819
00619
06006
05663
01824
07014
06415
05007
04045
02664
01719
07293
00831
05447
06430
01058
01036
00217
01220
03643
00647
05328
05961
05329
07359
07656
04639
07024
06711
01960
08955
06005
07834
06438
01249
06225
03344
06817
00893
00359
06974
03613
03409
00110
03485
04279
04730
00462
07953
02155
01513
05038
07234
00433
05963
04644
02045
04247
00946
08612
07322
00237
02257
01991
07028
03271
05321
07319
07753
00820
05370
06446
02396
00272
02016
07785
02881
08616
00240
04391
05137
07793
08189
07637
05023
05286
02469
07204
06585
00706
02526
02854
06738
08417
06685
02683
01312
08535
04470
08615
06032
06649
08422
00911
06429
07783
01448
06507
07869
04408
05795
04718
00685
07038
01300
05101
07999
02552
00203
04824
02326
08175
06377
08873
04038
00267
00271
01353
01639
08267
04433
00415
05172
01323
01912
03430
05423
05226
04346
06126
08988
05358
04467
03413
06551
04590
05852
07602
05702
08795
07663
02333
00312
02565
05320
04234
07021
03794
03673
06924
03377
04363
00516
02241
05430
00041
01331
00364
07789
05267
05234
08690
02891
08164
01289
04259
04950
07305
06793
03101
00596
04573
02950
08289
07219
06836
06193
03315
04563
06264
00963
08203
03429
01653
04549
04658
06313
06970
05010
08796
05748
02791
08365
06702
00014
02133
06637
00759
07593
08526
07225
07762
07930
02603
06781
00765
01603
04452
04143
04307
03937
00844
04335
07267
05692
05367
04301
00114
03170
05392
01568
02879
01676
04721
03189
00293
00193
02924
01486
02491
07016
01232
04130
08992
05910
03466
04786
04439
03270
05704
00602
08161
05197
00659
02398
00616
08214
04612
05776
04895
08601
00450
07543
00091
05465
04559
04880
06389
06388
01852
04258
01595
05796
05767
01725
07291
07080
02896
07680
07808
06328
08239
00994
00867
02306
08574
00451
02295
06447
03846
08676
00046
08805
01010
00991
07907
08697
02245
03480
03422
04891
05056
06342
04629
01421
03307
02456
01672
08969
02299
07919
03006
00399
01949
00509
04928
04188
08833
04910
00455
08592
07791
05335
01682
07424
08728
06091
00102
01686
04304
01959
08104
03323
03296
00488
08882
05481
08054
00931
07539
01364
07096
04551
00311
04371
07516
04955
04031
06071
08039
08135
01772
03153
01855
03864
04538
08753
08578
06473
07186
07128
05790
08782
07621
05514
08842
05626
06621
07756
03174
07177
06461
00365
02813
00251
04671
01526
07706
04907
03312
06741
04904
01967
02073
01042
02237
02953
02740
08269
02548
00444
05553
03333
02946
05752
07697
03623
07029
07137
05163
02732
03272
08674
01265
00478
03107
04697
00755
03073
04352
02495
02918
02530
01945
02467
03418
03260
05362
08845
06535
06298
07471
01511
02869
08438
02319
08487
00918
06105
07604
02942
03658
05081
02776
07139
03939
02789
07690
00654
03857
03865
08319
04828
01646
01112
08631
01084
07950
04729
08529
07776
00385
05853
02919
08384
05657
07623
06771
00622
07506
06074
08314
06275
05106
07639
00996
08524
06589
05693
06023
08248
01047
05679
04586
01234
06175
07206
04386
03995
05062
03240
03751
06775
07075
00329
07482
02397
04746
02055
02136
05996
03122
07441
03786
02182
00631
06230
05994
05713
07547
00873
04129
01437
03346
02825
05907
01420
04227
05206
03382
00103
08437
01872
06192
01848
06826
06915
07636
04650
07313
02468
01248
06735
00697
01975
02695
07348
02204
04183
06962
04916
08320
08946
08789
05845
02520
01183
04104
08247
05036
06016
02132
03547
01011
07827
01583
00009
05780
01933
05766
07244
08619
06588
05496
00607
05276
02127
08763
07731
06540
04159
08748
02560
06543
03949
08719
01497
03880
04123
06912
03998
00380
07873
02486
00648
00351
05897
04005
00454
00406
08228
00960
06873
04225
04646
05246
02353
03452
03001
08095
00775
08053
07504
03953
07158
04799
02890
06129
03368
07641
03579
04821
07055
01276
08400
04808
08327
06708
01228
02442
07535
07525
06502
00430
02604
03940
04834
03203
01322
04711
04961
08303
06370
04049
08251
04382
02632
08936
06484
08979
07214
05491
04567
02985
01372
01963
00471
05500
06101
04848
07736
02646
00906
00149
00210
07980
07954
00741
02992
05324
07350
05012
05381
08096
06728
07822
01039
02067
02215
04443
05861
01800
08227
02071
02078
01343
03678
01740
08127
00111
07853
02505
04380
01391
06815
00401
08447
02875
05076
07156
07218
03842
08090
03739
01038
04455
00131
08654
06660
01802
07193
04345
08315
01736
00184
07268
04478
01213
08780
08349
04269
01415
06097
03021
02208
08188
00394
07513
08994
02647
04375
01551
07062
08742
01730
08291
01055
03854
07238
03486
06774
02251
05435
06318
08069
06839
06569
06176
04802
03963
07851
02454
04779
01360
04493
05644
06508
08115
06412
08897
05135
06009
03503
08122
08004
02782
00550
02226
01914
06376
07411
05673
01197
03419
00558
04152
05374
02982
02868
07491
05422
03329
01814
07066
02325
06345
07618
07197
03567
00634
07861
03306
06733
07544
02320
05031
03200
08511
05256
06076
01449
04915
06994
04290
05872
01032
08588
05829
02658
06684
06898
02631
05083
01135
04814
00017
05928
04849
03369
02865
02577
08150
04377
06524
07674
02641
07913
06951
06727
08787
00693
03899
08152
04905
00457
04540
02243
05490
02437
07530
02629
03321
05077
06855
00144
05730
05183
08999
01128
00227
00083
07949
00792
05400
03679
01081
03942
07821
05931
00477
03957
00858
05773
01990
05781
08359
05935
08034
06218
02944
01022
08243
08154
05982
00656
04957
01905
07932
03317
00480
04407
06580
00053
04553
00407
02039
02513
03049
04114
08883
06881
00523
05316
01916
04300
07765
06717
04056
08051
03649
02416
02450
03453
05667
03756
03775
02441
02448
07421
02775
06700
01295
06960
01728
01879
06751
06241
00701
06922
00084
08867
02584
05003
03393
08018
04656
02700
01187
00943
02265
08340
01530
06655
08003
00766
03711
07627
04087
07945
00305
08614
02008
04949
04249
03684
03265
03279
06671
07157
04197
07400
00495
03705
04231
02093
08905
06851
00559
02278
08898
00486
04317
03729
05387
03020
07603
01514
08241
03619
07341
01199
03095
00151
01910
02174
05177
08165
01124
06063
05480
08275
05554
07790
07732
00922
07017
04608
06802
02833
03822
06681
08688
05426
06452
04774
04376
08415
06859
02248
08101
00675
03290
04870
03587
08815
01558
01779
02190
04770
01683
02582
07142
02948
03367
05908
08909
04782
05143
00824
01287
08814
08408
05989
00266
01577
02504
01677
05826
01644
00769
06730
07729
01037
06238
07708
08111
05047
04261
08958
04257
03352
01769
08089
07847
02699
06987
01842
02410
01387
01325
05196
04193
08032
06476
01751
08075
05636
00138
07613
04302
01237
06425
07612
04429
06982
05219
08078
07333
03168
00339
00674
02733
08947
03056
00957
00513
06413
05039
05620
04148
08539
02712
06527
03468
04413
00762
06792
05288
08284
08309
02381
07115
01115
04537
07874
05504
03047
06219
04757
05368
05153
06228
06354
08160
00059
01778
04020
05284
07943
03437
08557
08926
01242
00660
04853
01121
00352
01005
05714
06295
06804
01298
01662
03266
05437
02660
01588
03715
05252
05875
00395
03289
04714
06457
02490
00473
07844
01795
00374
08001
02790
03628
07542
03038
02033
01424
06705
07590
08752
00576
06153
00780
07689
06641
08156
00640
04702
01101
05250
03451
01532
04783
08112
03071
01430
06113
06270
03922
00115
01030
00074
02993
07561
04403
06706
08652
08451
04119
00248
04560
00786
02384
04437
04280
02315
08455
08876
06222
08420
01553
03834
00818
06875
02589
08762
08117
01695
00249
05141
08939
02538
00605
05527
01931
01445
00805
02900
04574
07632
04867
08180
06131
04260
02195
07740
01067
00773
06816
03762
03652
02818
00232
02372
06764
07152
05378
00146
02545
05567
08329
06002
07442
08098
00405
08391
08465
05391
05088
02970
07072
07023
05442
02549
05014
01154
07220
06891
07249
04051
05445
01052
01184
05002
07559
06133
05957
04769
08139
02988
00363
01888
03472
01578
02556
07650
08534
08491
00035
05617
02088
03681
03988
00750
07037
08016
05037
03695
02029
05470
08911
02802
07284
01326
04102
06674
07306
07926
00942
04536
06159
03477
03560
06448
03192
07661
01044
04859
01903
01978
01155
06838
04920
04369
05965
02362
06405
06168
02926
05375
05066
03798
08681
08610
02537
05585
07595
04216
00082
00075
05064
01668
00449
02003
03664
00908
06969
02551
02654
08640
02690
06220
03744
08901
00108
04061
00198
03464
01041
03171
01061
04609
04771
04599
07013
07089
06686
02984
03254
02209
04682
06479
02765
08567
02296
02440
04469
03227
01288
03586
01401
02358
02231
06251
02351
03025
00968
02616
08722
08879
04606
08084
07112
01566
04080
00555
01500
07450
00993
08918
01316
04784
00791
01407
06523
03363
07852
00915
00475
03104
04497
04605
02634
07124
08858
06210
02234
08694
02870
08494
05900
01477
00737
06163
00814
01845
01515
07963
03405
06491
08713
01567
06165
02908
04054
08990
07647
08862
08828
03740
03663
08935
08829
02412
08124
02364
07597
04750
05074
07437
05660
04021
07906
06877
05270
07551
04635
00087
00137
00829
05507
06620
07705
03193
08547
04059
07295
06109
02260
05300
06692
08598
05756
04444
03513
04001
08642
04973
00724
03116
00297
06169
07412
05258
01956
01132
03639
04919
02170
04288
00692
08933
04195
07257
05960
01525
08300
04296
01752
02107
04688
02308
01652
03185
04525
03478
02173
01306
00797
00932
07304
07687
00859
02162
07140
08594
05645
03281
08662
04040
08171
04593
01610
03320
06662
05082
00770
08427
03146
06042
03528
05134
07565
08711
02547
07975
01781
06598
01200
05443
04844
05128
04529
03585
04358
01569
08589
06202
05048
00642
08801
04100
00161
08834
03825
03148
03090
05115
07000
08113
00148
04938
08272
03790
05857
03502
00984
05537
01537
05167
03128
08841
07048
04517
03700
00581
07469
08997
02044
01599
05891
02085
07523
06856
06001
02487
02903
02065
08670
08055
04922
04171
01239
01417
01715
03941
06209
08467
07475
07572
02069
02370
01674
05782
04273
00535
04121
06616
07885
08617
00428
02500
06596
02889
03481
06130
08770
01455
05419
01410
08114
04998
03172
00190
00092
03159
08819
03615
00860
02314
03246
06906
06266
03759
02710
06932
04151
01423
01549
05613
04026
02651
08503
07398
04201
04850
04669
04013
07428
07630
00695
05262
03273
07111
08966
06657
00691
00531
08618
03078
00404
02803
04775
00635
03724
01946
01816
07264
03358
00307
02812
04175
01006
01177
06155
05053
06878
00740
04160
03068
08296
06529
00065
06312
07484
03757
01211
02668
06923
02873
01046
03736
06778
01099
03336
08806
03935
03004
04128
01352
01040
01384
08736
08852
03800
08891
03967
04991
01815
05541
00253
04222
08872
05487
08285
03609
08043
04101
07640
06956
04680
08430
06718
06084
06080
04974
07605
08087
05055
03414
00152
04394
04670
01611
07423
04349
06424
02933
00313
05348
00220
08839
02640
00229
08820
04085
07892
03845
07349
01356
06096
00865
08743
03195
01957
05774
04144
02439
01027
05929
03604
06978
05778
07703
01157
06386
00397
06134
01790
03222
04334
00020
06111
06698
00354
04532
00699
04765
00864
03870
00060
08800
04581
03767
06065
06067
02374
08562
08509
03965
02407
00057
06221
00981
06737
03044
07755
07563
05974
07578
01066
05848
02409
02842
02102
07202
07768
08306
01452
06057
03118
05178
06308
00304
01019
04068
08195
05154
05130
07470
01111
02042
04488
00672
01365
07438
04113
07068
07182
01582
03890
03637
01961
02928
08450
04790
08059
06622
00593
06664
01315
05616
03968
03618
06765
05584
02235
01371
08085
05947
07308
05158
03450
03372
07058
08366
00024
08913
07002
02810
06755
05054
06772
05029
05932
00990
02502
04355
03408
01874
04025
06184
05784
07574
06352
02815
06391
00817
01965
00100
07727
01913
03542
01609
07122
08166
03479
08902
04940
05976
04109
05624
08324
07920
00615
05357
05850
00810
05992
06053
05953
03231
01113
00788
05501
07224
02880
04592
06687
05761
02962
04462
02804
05402
08390
00627
04389
07103
08163
04471
03053
00269
04420
01247
02222
08583
08073
05414
00885
05475
03928
04831
03198
06055
01929
06715
07346
07169
01413
00052
05434
00072
08025
00589
00618
05279
06996
08507
04921
00902
02580
05915
08406
02851
04865
00388
08292
03616
00754
02408
08520
02619
02525
01866
02583
07120
07883
00985
06011
07726
02277
03202
07987
06871
08385
01329
06434
03083
05344
00688
02249
04340
07788
03412
05327
00295
02112
07749
03308
00551
03470
04417
04155
03144
01993
03817
07712
01473
05486
06993
06372
08489
05383
07200
04620
05309
03848
08960
05595
04442
07262
05905
06515
02110
04244
07573
03603
00777
01759
02871
08555
04357
04647
03625
01768
04741
00623
07126
03416
00133
03886
00676
04689
05638
03993
08013
06808
00089
04547
01447
08377
07774
00573
03696
08922
07882
06918
07192
07472
07772
05041
03699
07194
06732
08576
05144
01850
00136
06578
03337
07512
07596
03133
08650
01261
03635
01264
06545
02794
00717
06780
01108
03611
08811
04238
02958
08512
07843
01227
03036
04752
03297
00212
07269
02665
00800
01190
07464
05591
01885
00002
05338
03541
05557
06863
04917
05315
03565
08410
06640
02894
05925
07362
03964
00181
05263
08386
03469
05833
01502
02628
02736
05523
08136
08026
06200
05187
05602
00545
05805
04200
02357
06030
00389
01627
07801
04785
04965
02498
07101
08972
03288
02053
01871
03347
02847
03549
05124
02216
04496
06748
08944
05436
06099
03161
01015
01882
01541
08200
01021
00469
08734
05600
03173
07633
08368
07714
00614
00421
07942
06223
03335
00279
03908
05205
03605
00310
08242
02722
05733
00609
07939
05108
02280
03917
05690
08064
06470
04800
07164
00582
02108
00031
00027
00418
08982
08995
08537
04449
04649
00491
03424
04892
05548
00536
08208
08033
01555
00728
05765
06242
08766
05399
04519
06734
03292
00720
03359
08456
00830
01894
02428
03425
07739
08477
01665
06044
08967
02329
07675
00466
04900
02426
08204
03398
00015
02564
06355
08369
01517
03277
08155
01317
06749
04176
05751
05580
07148
01297
03394
06889
05568
01090
05019
00096
03505
01964
06027
02123
05834
01865
07406
00056
07026
00097
02465
00485
03262
03120
03843
01163
07645
03869
04942
02023
03938
04882
01089
07382
05340
08273
08014
07498
07285
07631
05918
03365
03351
00628
07483
00019
08230
02901
07867
08360
02018
08480
07161
08565
05025
01301
06710
03923
01231
00335
04150
07391
04594
05943
02696
04798
07670
02378
01072
02517
04883
04022
06147
04008
00278
02757
00992
00247
07589
03640
06714
02176
02974
03701
04086
08260
04475
07106
00328
07540
06297
07515
00801
01930
06338
04501
07311
07299
05823
04043
08857
07361
08445
06441
03540
00030
05684
04053
04596
00403
06149
06041
07531
01491
01952
04616
01114
04667
03911
01986
04541
06639
02449
01381
02279
02159
07015
06046
02897
08147
07839
02685
03225
01647
07770
00049
03951
04661
07492
08028
04385
01741
03821
08659
06194
08418
06003
06607
01820
05524
08985
07213
03525
01941
06583
03580
05691
07778
05243
04659
01804
05804
06895
02615
07325
03838
00348
03690
01600
03682
01000
08630
02224
08047
07769
02805
08399
07390
01742
06682
07261
01464
00905
07701
05597
06795
03972
00241
08015
07144
08738
04383
02973
06409
06992
03160
01345
00933
02840
01262
06048
05775
08817
06911
05509
05722
05911
06327
07806
00512
00172
02103
01556
03827
05815
02562
01918
08559
04215
05877
05950
03440
02684
06095
01701
03826
07673
01396
00730
01327
07210
04980
05981
00988
02028
08236
05820
04675
07403
01385
02760
08863
06310
06309
06841
02476
03792
08202
04002
03208
02037
02402
01126
01429
04668
08352
05770
01176
06212
05966
06883
04125
02855
01168
06451
00417
01221
02574
01160
04962
08545
05159
08431
00799
00533
03224
02038
02006
03113
06397
05181
04888
04392
03433
07201
05914
07786
04518
07166
00850
02013
07662
06229
04552
01983
07196
07653
01950
08924
02005
05109
02332
05526
06825
07511
02859
01519
06335
05282
07408
01969
00601
04250
03791
03737
01304
07091
07938
01208
00644
06900
03304
05283
08975
08094
05341
08870
05449
07992
08485
02935
02866
05464
04281
04929
06148
03163
02447
04764
03138
01490
01559
01641
05566
03855
00360
02114
01296
04223
02473
04827
05835
01748
02363
05093
08080
07025
01821
01097
06427
03571
02572
04576
02783
06929
07929
01091
05937
01654
08460
02267
07622
08993
05372
08071
02752
05825
08468
04050
05248
00721
08020
02180
03458
04987
01405
03905
06513
04292
02642
08706
07010
01122
01462
07011
08371
06243
04424
06506
07266
01792
02853
04154
05325
02971
03732
00928
02906
04861
07998
08261
07095
08183
07184
04964
07766
07955
08940
04067
04747
00003
04131
02510
07259
08912
00923
02568
01466
02117
02852
07996
01773
00423
04311
01892
08433
07368
05483
06985
08941
00411
08120
05551
05889
08759
01205
08709
03610
02128
01521
04112
03319
03702
06341
03816
06280
02610
00529
04078
03523
01206
06160
03215
04092
07854
07698
08414
02613
04997
04595
05297
01233
03676
05583
06254
07413
06820
04438
03927
05696
01412
01628
03439
03316
08478
05065
08622
00552
02359
06723
03223
01623
03084
04490
08551
01774
00564
03057
01703
04833
05151
06766
03743
05207
03415
07838
05174
06976
02999
04826
03832
01286
02618
07510
07092
08500
07463
02007
00868
06776
02742
08868
08916
06963
02753
07283
01483
02193
07933
03388
04324
01075
07328
06028
00897
08717
00925
03907
00285
03008
08733
03313
03900
03723
01474
07227
07223
05747
01937
00855
02917
03256
02576
08823
04986
04405
01898
08600
05873
03062
04701
01908
02024
08853
05027
06823
01976
01256
00167
08533
01226
08339
01843
03392
08458
07863
04041
08168
01147
00980
02895
02330
03482
06385
08629
07034
08440
06597
01973
05821
03294
01626
03693
05642
07487
08587
08205
06378
06418
03209
02860
07315
00747
08649
04522
01241
05236
01133
01398
00051
06367
05707
01379
00443
07746
06290
02316
06488
00160
00641
05201
08561
03620
02292
01573
04141
08056
03811
06136
08128
02169
08838
03903
04724
08611
03985
00748
02535
02043
05550
07994
03754
06608
01278
07307
06957
02014
07067
01998
03475
08027
06784
07849
05146
01193
03184
08079
08254
06398
00260
01139
07899
03726
08077
05287
06885
06458
00561
05736
05166
04945
08176
01925
02414
04308
08708
03747
02626
05254
08986
07301
03721
05649
02424
03577
04797
08401
02422
04584
03098
05170
06187
04939
03622
07132
00500
02779
07033
07078
01613
01254
00787
06497
05738
04527
07584
02238
00159
05204
01849
07480
07381
02559
07387
03410
07274
08040
05218
02220
01332
05552
00343
03040
00612
05052
08049
01505
04127
01745
02431
01069
03607
01767
06317
01098
00139
03065
06997
07326
08353
08413
07216
05510
08532
03360
01563
04672
00095
05771
02020
05695
00422
08253
01651
08809
05988
04062
01267
07330
02154
05592
03668
04242
03487
06618
06440
01561
00610
08052
02327
07455
03169
02433
03205
06486
08832
01134
04610
05603
00517
01223
05763
07600
07591
05261
06198
01694
06463
01059
07416
02936
04333
00132
00188
08837
02348
00803
01469
05253
07970
05305
01369
04548
02386
07501
03916
04710
08006
07090
02436
06858
05517
04418
00350
05868
06487
08348
07039
00989
01362
05057
01994
07582
02635
06008
08579
04425
04651
05699
03241
06563
07022
02376
00021
08647
02835
01272
06267
04534
08570
02585
06485
08605
02762
07178
07208
04318
00252
02677
02048
02361
04212
00063
02484
06673
03889
07695
03575
08444
08705
03666
04468
01681
03661
05432
02967
07952
08797
07721
07344
03123
07634
03915
05625
07417
00851
07180
02994
03546
04266
00338
00119
00929
06190
04168
06503
06127
06117
08970
03092
07775
04664
04732
06499
05042
08571
08268
00940
07833
07764
04284
06121
08428
04370
06365
04064
00562
03034
04845
06601
02253
08761
03072
03866
03566
08942
05441
03746
08678
08957
02232
03396
02540
05587
05086
04343
07904
06273
01755
07751
00888
01835
08715
04140
02916
00192
06332
03543
05091
05630
00236
00854
04015
00621
05956
03946
07125
03727
02145
04685
01357
04419
06879
03115
08855
05195
04474
02927
05755
04835
02250
06866
04781
04984
06953
08996
01536
03356
01344
07810
05532
07119
02686
02002
00323
02197
07722
05864
02072
05923
07493
01074
00054
02570
05898
01142
05280
07451
04743
02639
07410
07271
06584
07855
04751
02458
03187
06495
01377
03167
02019
01293
07046
08658
08945
03602
04911
04367
05633
08953
04947
08372
06528
02457
06353
00884
03145
00235
02904
01982
01020
03948
01629
06837
06240
04684
04643
05448
07479
05046
03544
08558
04016
01456
08476
02291
04440
02680
00983
04388
04903
08575
01238
03269
03301
00779
03005
05259
07796
03521
03500
01601
01783
00129
08784
01457
05160
00153
07094
03285
05162
08923
08266
03094
00565
02011
02347
05683
01830
04944
08774
08778
01847
04303
05830
00005
08723
06927
00944
01451
01718
03509
04645
01292
00653
03143
01723
06538
07713
00733
08791
04411
03713
05211
03126
06581
00368
02921
02497
08199
02080
05495
03897
08212
04546
02784
01507
08739
07620
07242
01928
07643
08502
03590
06040
05582
05698
08835
01538
08637
05478
03926
08172
00856
06897
05610
01342
04226
04871
01656
03789
05104
02663
06603
06594
03884
06324
01045
06564
04107
01086
08281
03674
00578
08142
08930
07519
02298
00861
07857
03134
05569
07936
04528
01876
04585
06246
07517
08192
06058
01079
06643
03906
06181
01822
06043
07399
06188
03456
03950
04118
03930
07129
05030
04451
03859
03186
02153
02998
00519
07977
01489
00487
07001
02756
04719
05522
08105
08392
06196
05978
03891
06349
06195
08062
06428
06421
06667
04034
08549
02592
05991
06941
02643
06565
03496
08508
03251
01851
04589
07912
02475
06843
07114
07534
02094
01527
05634
01468
05371
01443
02036
01637
03707
08591
08980
02571
05967
02846
07742
00812
06480
07840
03374
06387
07652
08675
06325
05499
03404
04935
04673
03765
00446
01680
02793
01436
04396
08335
05431
02346
02728
05896
07924
07047
00105
07097
05008
04192
03350
00442
01776
00825
01926
08725
00752
07153
05800
00541
01753
04761
01458
04379
03808
07850
08375
01922
03282
03851
00080
00671
06259
05511
00522
05417
06073
05549
03210
08232
00711
04978
06360
07911
01338
06670
07902
05199
00219
01633
04788
00106
00345
03570
05492
06944
00025
02997
06961
02459
04381
04076
08082
06029
04089
06736
07165
07779
06492
06797
04951
01867
06519
07222
04007
08779
02227
03766